C:\ProgramData\Anaconda2\python.exe F:/王帅/课程们/数据挖掘/Homework1/test
1:non-numer
1.0    180
2.0    119
Name: 1, dtype: int64
2:non-numer
1    276
9     24
Name: 2, dtype: int64
3:non-numer
529796     2
529424     2
5279822    2
527916     2
530526     2
528996     2
528729     2
528151     2
529461     2
528931     2
528890     2
528469     2
530693     2
532349     2
528904     2
527544     2
533697     1
533696     1
533736     1
534719     1
530101     1
529399     1
533692     1
528570     1
527957     1
534157     1
521399     1
529045     1
530612     1
528047     1
          ..
533887     1
535031     1
530301     1
5294369    1
530297     1
529272     1
535415     1
530294     1
534899     1
529777     1
535407     1
522979     1
528743     1
534885     1
534857     1
530276     1
535392     1
535338     1
527709     1
527706     1
533847     1
528214     1
535381     1
533750     1
527698     1
530255     1
530254     1
533836     1
530251     1
535043     1
Name: 3, dtype: int64
4:numerical
5:numerical
6:numerical
7:non-numer
3.0    109
1.0     78
2.0     30
4.0     27
Name: 7, dtype: int64
8:non-numer
1.0    115
3.0    103
4.0      8
2.0      5
Name: 8, dtype: int64
9:non-numer
1.0    79
3.0    58
4.0    41
2.0    30
5.0    25
6.0    20
Name: 9, dtype: int64
10:non-numer
1.0    188
2.0     78
3.0      2
Name: 10, dtype: int64
11:non-numer
3.0    67
2.0    59
5.0    42
4.0    39
1.0    38
Name: 11, dtype: int64
12:non-numer
3.0    128
4.0     73
1.0     39
2.0     16
Name: 12, dtype: int64
13:non-numer
1.0    76
3.0    65
2.0    65
4.0    38
Name: 13, dtype: int64
14:non-numer
2.0    102
1.0     71
3.0     23
Name: 14, dtype: int64
15:non-numer
1.0    120
3.0     39
2.0     35
Name: 15, dtype: int64
16:numerical
17:non-numer
4.0    79
1.0    57
3.0    49
2.0    13
Name: 17, dtype: int64
18:non-numer
5.0    79
4.0    43
1.0    28
2.0    19
3.0    13
Name: 18, dtype: int64
19:numerical
20:numerical
21:non-numer
2.0    48
3.0    46
1.0    41
Name: 21, dtype: int64
22:numerical
23:non-numer
1.0    178
2.0     77
3.0     44
Name: 23, dtype: int64
24:non-numer
1    191
2    109
Name: 24, dtype: int64
25:non-numer
0        56
3111     33
3205     29
2208     20
2205     13
4205     11
2209     11
2124      9
1400      8
31110     7
7111      7
2113      6
2112      5
400       5
3209      4
4300      4
2206      4
5400      4
3112      3
4124      3
2111      3
2207      3
7209      3
5206      2
5124      2
3124      2
5111      2
9400      2
6111      2
2322      2
         ..
3025      2
8400      2
6112      2
11300     1
4122      1
7113      1
6209      1
3115      1
5000      1
3133      1
4111      1
3400      1
300       1
12208     1
9000      1
5205      1
1111      1
1124      1
8300      1
2305      1
4206      1
4207      1
21110     1
2300      1
3207      1
11400     1
7400      1
3113      1
3300      1
41110     1
Name: 25, dtype: int64
26:non-numer
0       293
3111      3
6112      1
7111      1
1400      1
3112      1
Name: 26, dtype: int64
27:non-numer
0       299
2209      1
Name: 27, dtype: int64
28:non-numer
2    201
1     99
Name: 28, dtype: int64

Process finished with exit code 0
